0,790
13,96
13,92
13,64
13,62
13,59
13,57
13,49
30,27
2144,5
2144,13
2144,12
2144,11
13,41
13,37
13,29
2144,10
2144,9
30,1
13,27
13,26
30,29
30,5
29,1
29,5
2144,8
2144,7
2144,1
2144,6
13,25
0,323
13,24
13,21
2277,1
13,18
0,381
0,467
0,802
0,378
2277,8
13,8
13,7
13,6
13,5
13,2
13,1
8,7
8,6
8,5
8,2
8,1
6,6
6,5
6,2
6,1
5,6
5,5
5,2
5,1
2,5
2,2
2,1
0,479
0,468
0,340
0,308
0,305
0,304
0,332
0,327
1834,1
1834,5
0,364
0,10
0,737
0,464
0,402
0,430
0,423
0,311
0,310
0,0
0,307
0,306
0,329
0,13
0,339
0,11
0,9
2280,34
2280,33
2280,32
2280,31
2280,30
2280,29
2280,28
2280,27
2280,26
2280,25
2280,24
2280,23
2280,22
2280,21
2280,20
2280,19
2280,18
2280,17
2280,16
2280,15
2280,14
2280,13
2280,12
2280,11
2280,10
2280,9
2280,8
2280,7
2280,6
2280,5
2280,4
2280,3
2280,2
2280,0
0,395
0,435
0,303
0,363
0,728
0,302
0,362
0,818
0,301
0,708
0,721
0,300
0,317
0,351
0,299
0,791
0,314
0,298
0,786
0,783
0,297
0,788
0,817
0,296
0,377
0,478
0,295
0,375
0,410
0,294
0,723
0,461
0,293
0,414
0,401
0,292
0,494
0,291
0,374
0,706
0,290
0,384
0,798
0,289
0,784
0,424
0,288
0,350
0,422
0,287
0,477
0,391
0,286
0,361
0,770
0,285
0,814
0,449
0,284
0,822
0,418
0,283
0,349
0,411
0,282
0,342
0,719
0,281
0,811
0,341
0,280
